#clothing
50
167
215
242
243
270
276
277
279
280
282
283
284
285
286
300
332
344
364
367
376
416
489
490
496
566
634
635
637
674
757
759
762
769
770
789
800
804
813
860
876
878
930
954
979
987
988
1112
1130
1131
1132
1140
1141
1142
1143
1144
1145
1146
1155
1164
1167
1168
1172
1173
1174
1175
1176
1177
1178
1182
1183
1212
1213
1243
1266
1281
1315
1336
1344
1346
1414
1416
1463
1498
1504
1594
1595
1596
1597
1598
1599
1600
1601
1602
1603
1643
1664
1798
1800
1801
1802
1839
1999
2041
2042
2043
2044
2045
2046
2047
2048
2049
2050
2051
2052
2053
2054
2055
2056
2057
2058
2059
2060
2063
2064
2065
2066
2067
2068
2069
2070
2357
2359
2360
2361
2362
2364
2365
2366
2367
2369
2370
2371
2372
2374
2375
2376
2377
2379
2380
2381
2382
2384
2385
2386
2567
2568
2569
2570
2571
2673
2674
2675
2676
2680
2681
2683
2684
2699
2701
2702
2703
2763
2766
2767
2783
2796
2797
2801
2802
2806
2807
2886
2891
3129
3130
3131
3132
3133
3208
3312
3360
3361
3362
3364
3380
3381
3382
3383
3384
3458
3459
3461
3462
3499
3503
3565
3566
3567
3578
3602
3603
3707
3713
3716
3717
3720
3723
3731
3737
3774
3775
3776
3777
3778
3779
3785
3857
3858
3958
3959
4030
4031
4074
4075
4077

#den
12
224
225
226
324
325
437
481
485
681
684
690
695
710
726
731
752
759
827
875
923
924
945
946
958
959
1011
1012
1060
1081
1082
1083
1092
1093
1094
1095
1096
1109
1130
1154
1166
1227
1233
1236
1237
1238
1239
1240
1241
1304
1305
1314
1404
1410
1445
1468
1475
1483
1486
1487
1495
1511
1512
1519
1526
1527
1530
1533
1537
1575
1577
1583
1588
1589
1601
1613
1831
1841
1871
1937
1939
2030
2191
2198
2201
2202
2204
2205
2206
2209
2210
2211
2212
2213
2302
2303
2304
2337
2353
2358
2360
2400
2437
2438
2514
2519
2520
2522
2523
2642
2664
2716
2772
2776
2792
2920
2952
2980
3013
3014
3134
3176
3199
3200
3203
3204
3206
3207
3252
3253
3394
3395
3396
3397
3398
3399
3401
3402
3404
3405
3406
3514
3525
3547
3744
3927
3963
3968
3970
3971
3972
3975
3992
3997
4002
4063
4065
4066
4067
4097
4098
4125
4225
4226
4744
4772
4935
5015
5019

#pet
46
47
48
49
50
51
56
58
59
60
61
65
66
68
72
73
83
97
106
110